IIZw40_J.fits  1  4505.163  18.145  23.463  0.748  107  0  0
IIZw40_J.fits  2  4493.757  17.603  22.484  0.316  107  0  0
IIZw40_J.fits  3  4543.699  22.206  23.030  0.503  107  0  0
IIZw40_J.fits  4  4518.073  18.856  22.589  0.312  107  0  0
IIZw40_J.fits  5  4553.755  20.599  22.354  0.235  107  0  0
IIZw40_J.fits  6  4561.212  22.395  22.683  0.297  107  0  0
IIZw40_J.fits  7  4530.465  24.787  22.966  0.454  103  0  0
IIZw40_J.fits  8  4589.761  27.863  INDEF  INDEF  107  0  0
IIZw40_J.fits  9  4589.389  28.321  INDEF  INDEF  107  0  0
IIZw40_J.fits  10  4499.580  29.979  INDEF  INDEF  103  0  0
IIZw40_J.fits  11  4592.365  32.655  23.980  0.984  103  0  0
IIZw40_J.fits  12  4621.209  43.069  INDEF  INDEF  107  0  0
IIZw40_J.fits  13  4637.909  58.653  INDEF  INDEF  103  0  0
IIZw40_J.fits  14  4659.978  97.772  22.747  0.239  107  0  0
IIZw40_J.fits  15  4652.714  102.562  21.614  0.115  107  0  0
IIZw40_J.fits  16  4397.293  98.049  22.715  0.397  103  0  0
IIZw40_J.fits  17  4652.410  103.281  21.594  0.113  107  0  0
IIZw40_J.fits  18  4663.037  154.590  INDEF  INDEF  107  0  0
IIZw40_J.fits  19  4717.049  160.560  20.847  0.038  107  0  0
IIZw40_J.fits  20  4681.697  158.212  21.106  0.074  107  0  0
IIZw40_J.fits  21  4705.784  161.673  20.138  0.023  107  0  0
IIZw40_J.fits  22  3773.592  170.646  17.461  0.003  0  0  0
IIZw40_J.fits  23  4729.309  169.068  19.994  0.023  0  0  0
IIZw40_J.fits  24  4727.646  167.622  20.132  0.026  107  0  0
IIZw40_J.fits  25  4764.686  172.277  INDEF  INDEF  107  0  0
IIZw40_J.fits  26  1795.977  173.547  17.009  0.002  0  0  0
IIZw40_J.fits  27  3773.597  170.801  17.461  0.003  0  0  0
IIZw40_J.fits  28  4704.528  161.520  20.169  0.023  107  0  0
IIZw40_J.fits  29  4737.980  165.507  19.826  0.013  107  0  0
IIZw40_J.fits  30  4779.193  175.819  23.046  0.309  107  0  0
IIZw40_J.fits  31  4661.999  193.830  INDEF  INDEF  103  0  0
IIZw40_J.fits  32  4811.709  224.541  21.360  0.088  107  0  0
IIZw40_J.fits  33  4811.709  224.541  21.360  0.088  107  0  0
IIZw40_J.fits  34  4677.789  251.366  23.380  0.696  103  0  0
IIZw40_J.fits  35  4823.708  262.966  22.101  0.175  107  0  0
IIZw40_J.fits  36  4824.980  273.462  21.799  0.123  107  0  0
IIZw40_J.fits  37  4832.095  288.233  20.462  0.028  107  0  0
IIZw40_J.fits  38  4687.037  305.399  22.989  0.474  103  0  0
IIZw40_J.fits  39  4825.257  309.532  20.936  0.066  107  0  0
IIZw40_J.fits  40  4825.121  333.100  21.630  0.104  0  0  0
IIZw40_J.fits  41  3929.485  343.618  17.622  0.003  0  0  0
IIZw40_J.fits  42  3929.485  343.618  17.622  0.003  107  0  0
IIZw40_J.fits  43  4734.519  353.415  23.803  1.000  103  0  0
IIZw40_J.fits  44  4827.214  356.632  21.284  0.080  107  0  0
IIZw40_J.fits  45  4828.211  367.824  21.531  0.106  0  0  0
IIZw40_J.fits  46  4852.629  404.484  20.729  0.041  107  0  0
IIZw40_J.fits  47  4869.139  468.165  19.913  0.027  107  0  0
IIZw40_J.fits  48  4907.445  479.784  21.257  0.074  107  0  0
IIZw40_J.fits  49  4913.283  484.143  21.501  0.084  107  0  0
IIZw40_J.fits  50  4909.604  480.918  21.297  0.075  107  0  0
IIZw40_J.fits  51  4915.027  485.867  21.269  0.068  0  0  0
IIZw40_J.fits  52  4926.457  492.158  22.699  0.218  107  0  0
IIZw40_J.fits  53  4933.307  506.479  21.867  0.117  107  0  0
IIZw40_J.fits  54  4941.009  531.419  22.160  0.192  0  0  0
IIZw40_J.fits  55  4947.338  542.664  21.373  0.083  107  0  0
IIZw40_J.fits  56  4947.342  542.662  21.373  0.083  107  0  0
IIZw40_J.fits  57  4947.342  542.662  21.373  0.083  107  0  0
IIZw40_J.fits  58  4958.854  576.657  21.893  0.109  107  0  0
IIZw40_J.fits  59  4958.146  594.330  21.843  0.131  107  0  0
IIZw40_J.fits  60  4958.140  594.609  21.855  0.132  107  0  0
IIZw40_J.fits  61  4958.146  594.330  21.843  0.131  107  0  0
IIZw40_J.fits  62  4963.706  625.924  22.242  0.144  107  0  0
IIZw40_J.fits  63  4964.617  626.753  22.268  0.134  0  0  0
IIZw40_J.fits  64  4964.743  627.686  21.915  0.099  107  0  0
IIZw40_J.fits  65  4952.443  622.684  21.885  0.160  107  0  0
IIZw40_J.fits  66  4887.194  640.000  22.753  0.384  103  0  0
IIZw40_J.fits  67  4953.426  649.985  21.455  0.107  107  0  0
IIZw40_J.fits  68  4953.384  650.053  21.444  0.107  107  0  0
IIZw40_J.fits  69  4953.365  650.062  21.445  0.107  107  0  0
IIZw40_J.fits  70  4957.310  659.620  21.130  0.077  107  0  0
IIZw40_J.fits  71  4968.121  689.589  INDEF  INDEF  103  0  0
IIZw40_J.fits  72  4976.237  728.805  22.087  0.150  0  0  0
IIZw40_J.fits  73  4978.608  775.029  22.690  0.301  103  0  0
IIZw40_J.fits  74  2802.198  852.559  18.820  0.003  0  0  0
IIZw40_J.fits  75  4978.368  914.368  INDEF  INDEF  103  0  0
IIZw40_J.fits  76  4979.830  940.569  INDEF  INDEF  103  0  0
IIZw40_J.fits  77  3363.445  1003.314  18.306  0.002  0  0  0
IIZw40_J.fits  78  3631.911  1073.107  15.927  0.001  0  0  0
IIZw40_J.fits  79  4922.423  1081.720  21.477  0.133  0  0  0
IIZw40_J.fits  80  4984.077  1115.557  23.141  0.564  103  0  0
IIZw40_J.fits  81  1022.986  1139.218  13.798  0.001  107  0  0
IIZw40_J.fits  82  4985.855  1145.490  23.612  0.833  0  0  0
IIZw40_J.fits  83  4559.048  1179.141  17.271  0.002  0  0  0
IIZw40_J.fits  84  4558.996  1179.142  17.271  0.002  0  0  0
IIZw40_J.fits  85  4365.950  1201.138  12.054  0.003  0  0  0
IIZw40_J.fits  86  4356.492  1206.319  12.014  0.003  0  0  0
IIZw40_J.fits  87  4356.145  1205.579  12.016  0.003  107  0  0
IIZw40_J.fits  88  2190.230  1267.343  17.700  0.002  0  0  0
IIZw40_J.fits  89  1442.642  1434.468  18.850  0.003  0  0  0
IIZw40_J.fits  90  589.340  1435.186  19.603  0.006  0  0  0
IIZw40_J.fits  91  878.710  1454.137  15.220  0.001  107  0  0
IIZw40_J.fits  92  4979.168  1490.537  19.932  0.028  0  0  0
IIZw40_J.fits  93  3356.844  1526.420  19.713  0.006  0  0  0
IIZw40_J.fits  94  4960.369  1544.365  18.301  0.006  107  0  0
IIZw40_J.fits  95  4960.303  1546.326  18.422  0.006  0  0  0
IIZw40_J.fits  96  4959.946  1549.617  18.448  0.010  107  0  0
IIZw40_J.fits  97  4958.977  1567.295  19.990  0.033  107  0  0
IIZw40_J.fits  98  4961.012  1569.452  19.830  0.027  107  0  0
IIZw40_J.fits  99  402.607  1569.145  18.707  0.004  0  0  0
IIZw40_J.fits  100  4964.982  1604.808  21.505  0.096  107  0  0
IIZw40_J.fits  101  2793.833  1690.744  16.877  0.002  107  0  0
IIZw40_J.fits  102  2793.960  1690.937  16.879  0.002  0  0  0
IIZw40_J.fits  103  707.104  1806.826  19.746  0.006  0  0  0
IIZw40_J.fits  104  4748.996  1839.387  17.692  0.003  0  0  0
IIZw40_J.fits  105  1527.148  1945.777  20.192  0.009  0  0  0
IIZw40_J.fits  106  3737.704  2227.207  18.755  0.003  0  0  0
IIZw40_J.fits  107  4042.405  2256.378  18.499  0.003  0  0  0
IIZw40_J.fits  108  4042.402  2256.385  18.499  0.003  0  0  0
IIZw40_J.fits  109  4905.463  2349.651  26.574  16.314  103  0  0
IIZw40_J.fits  110  68.376  2420.564  INDEF  INDEF  103  0  0
IIZw40_J.fits  111  550.071  2859.552  15.882  0.006  107  0  0
IIZw40_J.fits  112  549.853  2859.575  15.880  0.005  107  0  0
IIZw40_J.fits  113  550.301  2859.595  15.886  0.006  107  0  0
IIZw40_J.fits  114  504.216  2934.864  12.048  0.002  107  0  0
IIZw40_J.fits  115  507.301  2936.518  11.940  0.002  107  0  0
IIZw40_J.fits  116  507.301  2936.518  11.940  0.002  107  0  0
IIZw40_J.fits  117  511.549  2937.205  11.979  0.002  107  0  0
IIZw40_J.fits  118  43.982  3208.267  20.291  0.026  103  0  0
IIZw40_J.fits  119  42.134  3363.865  27.395  19.007  103  0  0
IIZw40_J.fits  120  4941.339  3431.098  INDEF  INDEF  103  0  0
IIZw40_J.fits  121  661.245  3505.422  17.363  0.002  0  0  0
IIZw40_J.fits  122  661.245  3505.422  17.363  0.002  0  0  0
IIZw40_J.fits  123  661.135  3505.432  17.363  0.002  0  0  0
IIZw40_J.fits  124  515.596  3510.287  14.618  0.001  107  0  0
IIZw40_J.fits  125  515.040  3510.384  14.612  0.001  107  0  0
IIZw40_J.fits  126  3792.524  3632.500  16.777  0.008  0  0  0
IIZw40_J.fits  127  3716.442  3633.513  17.229  0.004  0  0  0
IIZw40_J.fits  128  35.493  3645.462  24.939  1.872  103  0  0
IIZw40_J.fits  129  4977.041  3759.244  23.171  0.542  103  0  0
IIZw40_J.fits  130  993.210  3797.929  16.998  0.002  0  0  0
IIZw40_J.fits  131  993.431  3797.909  16.997  0.002  107  0  0
IIZw40_J.fits  132  1405.637  3798.799  19.152  0.004  0  0  0
IIZw40_J.fits  133  993.338  3797.917  16.998  0.002  107  0  0
IIZw40_J.fits  134  419.220  4008.786  14.099  0.002  107  0  0
IIZw40_J.fits  135  419.667  4008.741  14.103  0.002  0  0  0
IIZw40_J.fits  136  4944.559  4225.364  22.656  0.459  103  0  0
IIZw40_J.fits  137  4945.972  4404.550  22.788  0.471  103  0  0
IIZw40_J.fits  138  3827.576  4568.666  17.253  0.002  0  0  0
IIZw40_J.fits  139  4917.098  4596.457  23.047  0.715  103  0  0
IIZw40_J.fits  140  4957.026  4620.155  INDEF  INDEF  103  0  0
IIZw40_J.fits  141  4926.868  4667.973  21.496  0.054  103  0  0
IIZw40_J.fits  142  4926.868  4667.973  21.496  0.054  103  0  0
IIZw40_J.fits  143  4717.646  4757.685  24.223  2.106  103  0  0
IIZw40_J.fits  144  4816.080  4761.348  22.723  0.471  103  0  0
IIZw40_J.fits  145  958.208  4807.584  17.134  0.002  0  0  0
IIZw40_J.fits  146  4801.308  4834.414  22.561  0.315  107  0  0
IIZw40_J.fits  147  4789.167  4842.732  18.389  0.003  107  0  0
IIZw40_J.fits  148  2481.599  4886.803  21.643  0.085  0  0  0
IIZw40_J.fits  149  2490.744  4888.354  21.563  0.074  0  0  0
IIZw40_J.fits  150  2489.445  4891.771  21.854  0.095  103  0  0
IIZw40_J.fits  151  4602.318  4895.346  INDEF  INDEF  0  0  0
IIZw40_J.fits  152  4601.609  4895.140  INDEF  INDEF  107  0  0
IIZw40_J.fits  153  4585.176  4899.394  INDEF  INDEF  107  0  0
IIZw40_J.fits  154  4585.176  4899.394  INDEF  INDEF  107  0  0
IIZw40_J.fits  155  3440.954  4903.101  INDEF  INDEF  103  0  0
IIZw40_J.fits  156  1157.219  4919.095  INDEF  INDEF  103  0  0
IIZw40_J.fits  157  2896.014  4927.153  23.764  1.240  103  0  0
IIZw40_J.fits  158  4331.200  4927.463  20.867  0.094  0  0  0
IIZw40_J.fits  159  4341.815  4928.484  21.068  0.114  0  0  0
IIZw40_J.fits  160  4443.982  4945.892  24.902  4.004  103  0  0
IIZw40_J.fits  161  463.390  4948.753  23.397  0.794  103  0  0
IIZw40_J.fits  162  2392.839  4968.322  20.721  0.032  0  0  0
IIZw40_J.fits  163  2393.428  4977.253  21.513  0.022  107  0  0
IIZw40_J.fits  164  3099.143  4979.415  18.716  0.011  0  0  0
IIZw40_J.fits  165  4509.608  4982.012  22.428  0.263  103  0  0
